name: nusax
channels:
  - conda-forge
  - defaults
dependencies:
  - asttokens=2.4.1=pyhd8ed1ab_0
  - backcall=0.2.0=pyh9f0ad1d_0
  - blas=1.0=mkl
  - ca-certificates=2024.8.30=h56e8100_0
  - colorama=0.4.6=pyhd8ed1ab_0
  - comm=0.2.2=pyhd8ed1ab_0
  - debugpy=1.6.7=py39hd77b12b_0
  - decorator=5.1.1=pyhd8ed1ab_0
  - executing=2.1.0=pyhd8ed1ab_0
  - icc_rt=2022.1.0=h6049295_2
  - importlib-metadata=8.5.0=pyha770c72_0
  - intel-openmp=2023.1.0=h59b6b97_46320
  - ipykernel=6.29.5=pyh4bbf305_0
  - ipython=8.12.0=pyh08f2357_0
  - jedi=0.19.2=pyhff2d567_0
  - joblib=1.4.2=py39haa95532_0
  - jupyter_client=8.6.3=pyhd8ed1ab_0
  - jupyter_core=5.7.2=py39hcbf5309_0
  - libsodium=1.0.18=h8d14728_1
  - matplotlib-inline=0.1.7=pyhd8ed1ab_0
  - mkl=2023.1.0=h6b88ed4_46358
  - mkl-service=2.4.0=py39h2bbff1b_1
  - mkl_fft=1.3.11=py39h827c3e9_0
  - mkl_random=1.2.8=py39hc64d2fc_0
  - nest-asyncio=1.6.0=pyhd8ed1ab_0
  - numpy=1.26.4=py39h055cbcc_0
  - numpy-base=1.26.4=py39h65a83cf_0
  - openssl=3.0.15=h827c3e9_0
  - packaging=24.2=pyhff2d567_1
  - parso=0.8.4=pyhd8ed1ab_0
  - pickleshare=0.7.5=py_1003
  - pip=24.2=py39haa95532_0
  - platformdirs=4.3.6=pyhd8ed1ab_0
  - prompt-toolkit=3.0.48=pyha770c72_0
  - prompt_toolkit=3.0.48=hd8ed1ab_0
  - psutil=5.9.0=py39h2bbff1b_0
  - pure_eval=0.2.3=pyhd8ed1ab_0
  - pybind11-abi=5=hd3eb1b0_0
  - pygments=2.18.0=pyhd8ed1ab_0
  - python=3.9.20=h8205438_1
  - python-dateutil=2.9.0.post0=pyhff2d567_0
  - python_abi=3.9=2_cp39
  - pywin32=305=py39h2bbff1b_0
  - pyzmq=24.0.1=py39hea35a22_1
  - scipy=1.13.1=py39h8640f81_0
  - setuptools=75.1.0=py39haa95532_0
  - six=1.16.0=pyh6c4a22f_0
  - sqlite=3.45.3=h2bbff1b_0
  - stack_data=0.6.2=pyhd8ed1ab_0
  - tbb=2021.8.0=h59b6b97_0
  - threadpoolctl=3.5.0=py39h9909e9c_0
  - tornado=6.2=py39ha55989b_1
  - traitlets=5.14.3=pyhd8ed1ab_0
  - typing_extensions=4.12.2=pyha770c72_0
  - ucrt=10.0.22621.0=h57928b3_1
  - vc=14.40=h2eaa2aa_1
  - vs2015_runtime=14.40.33807=h98bb1dd_1
  - wcwidth=0.2.13=pyhd8ed1ab_0
  - wheel=0.44.0=py39haa95532_0
  - zeromq=4.3.4=h0e60522_1
  - pip:
      - attrs==24.2.0
      - beautifulsoup4==4.12.3
      - bs4==0.0.2
      - certifi==2024.8.30
      - charset-normalizer==3.4.0
      - click==8.1.7
      - contourpy==1.3.0
      - cycler==0.12.1
      - filelock==3.16.1
      - fonttools==4.54.1
      - fsspec==2024.10.0
      - gensim==4.3.3
      - huggingface-hub==0.26.2
      - idna==3.10
      - imbalanced-learn==0.12.4
      - imblearn==0.0
      - importlib-resources==6.4.5
      - jinja2==3.1.4
      - jsonschema==4.23.0
      - jsonschema-specifications==2024.10.1
      - kiwisolver==1.4.7
      - markupsafe==3.0.2
      - matplotlib==3.9.2
      - mpmath==1.3.0
      - networkx==3.2.1
      - nltk==3.9.1
      - pandas==2.2.3
      - pillow==11.0.0
      - pyparsing==3.2.0
      - pytz==2024.2
      - pyyaml==6.0.2
      - referencing==0.35.1
      - regex==2024.11.6
      - requests==2.32.3
      - rpds-py==0.21.0
      - safetensors==0.4.5
      - scikit-learn==1.5.2
      - seaborn==0.13.2
      - smart-open==7.0.5
      - soupsieve==2.6
      - sympy==1.13.1
      - tokenizers==0.20.3
      - torch==2.0.1+cu117
      - torchaudio==2.0.2+cu117
      - torchsummary==1.5.1
      - torchvision==0.15.2+cu117
      - tqdm==4.67.0
      - transformers==4.46.2
      - tzdata==2024.2
      - urllib3==2.2.3
      - wrapt==1.17.0
      - xgboost==2.1.2
      - zipp==3.20.2
prefix: D:\software\anaconda\envs\nusax
